silhouette_score: 0.8888661983518247
davies_bouldin_index: 0.528261519860079
