silhouette_score: 0.8883272959043284
davies_bouldin_index: 0.5595763990978152
